23691
24020
23576
23394
23320
23962
23577
23691
23477
23555
23818
23418
23460
23228
23037
23408
23097
22974
23697
23604
24053
23828
23477
23778
23607
23461
23754
22987
23256
23903
23852
23961
23243
24134
23957
23087
23883
23831
23661
23630
23236
23976
24040
24104
23701
23157
23335
23221
23444
23589
23410
23577
24131
23796
23283
23600
23583
23949
23529
23519
23439
24050
23291
23554
23640
23842
24192
23465
23664
23347
23818
23630
23421
23425
23342
23503
23549
23281
23703
23454
22997
23528
23846
23835
23436
23267
24033
23808
23076
23949
23474
23965
23240
23837
23539
23651
23870
23783
23369
23558
