23691
23734
23292
23394
23330
23938
23478
23691
23477
23555
23818
23480
23460
23228
23037
23408
23097
22974
23495
23604
23805
23691
23477
23792
23642
23435
23798
22849
23179
23903
23846
23889
23243
24134
23771
23061
23883
23759
23699
23630
23236
23860
23487
23637
23309
23157
23335
23295
23444
23697
23372
23573
24131
23665
23283
23582
23603
24023
23529
23519
23439
23639
23291
23554
23640
23842
24052
23485
23664
23347
23611
23630
23421
23425
23366
23487
23549
23329
23703
23317
22997
23528
23882
23830
23450
23281
23596
23235
23036
23961
23506
23965
23226
23498
23577
23573
23495
23783
23274
23508
