0  23651   23608
1  23734   23734
2  23296   23288
3  23394   23345
4  23330   23320
5  23938   23909
6  23478   23469
7  23691   23570
8  23493   23457
9  23547   23547
10  23818   23818
11  23450   23391
12  23460   23442
13  23228   23203
14  22999   22976
15  23408   23371
16  23097   23097
17  22974   22918
18  23495   23360
19  23604   23560
20  23805   23769
21  23691   23691
22  23453   23453
23  23792   23701
24  23642   23562
25  23461   23392
26  23754   23754
27  22849   22822
28  23149   23149
29  23903   23901
30  23852   23756
31  23889   23889
32  23243   23243
33  24134   24051
34  23771   23766
35  23061   23059
36  23851   23851
37  23831   23754
38  23661   23628
39  23630   23612
40  23236   23216
41  23860   23832
42  23487   23487
43  23637   23580
44  23309   23294
45  23157   23157
46  23335   23335
47  23221   23221
48  23444   23444
49  23697   23554
50  23372   23339
51  23577   23554
52  24131   24131
53  23627   23604
54  23283   23242
55  23600   23550
56  23573   23544
57  23995   23949
58  23529   23495
59  23519   23518
60  23439   23388
61  23639   23540
62  23267   23246
63  23554   23539
64  23640   23635
65  23842   23791
66  24052   23986
67  23465   23436
68  23664   23622
69  23347   23303
70  23637   23601
71  23630   23630
72  23421   23421
73  23425   23330
74  23444   23342
75  23503   23475
76  23549   23549
77  23319   23277
78  23679   23679
79  23317   23317
80  22947   22919
81  23480   23448
82  23882   23778
83  23830   23790
84  23450   23436
85  23267   23267
86  23574   23554
87  23235   23222
88  23076   23026
89  23909   23909
90  23474   23465
91  23965   23943
92  23240   23224
93  23498   23498
94  23587   23506
95  23573   23553
96  23457   23391
97  23783   23743
98  23274   23274
99  23550   23483
Mh Promedio = 15.648615322113038s