inst m l GREEDY MH GENETIC HYBRID
0 200 15 23651 23608 23660 23608
1 200 15 23734 23734 23853 23734
2 200 15 23296 23288 23296 23285
3 200 15 23394 23345 23508 23345
4 200 15 23330 23320 23330 23320
5 200 15 23938 23909 23913 23909
6 200 15 23478 23469 23553 23469
7 200 15 23691 23570 23583 23570
8 200 15 23493 23457 23457 23457
9 200 15 23547 23547 23626 23547
10 200 15 23818 23818 23848 23818
11 200 15 23450 23391 23395 23391
12 200 15 23460 23442 23442 23442    
13 200 15 23228 23203 23287 23203    
14 200 15 22999 22976 23026 22976    
15 200 15 23408 23371 23371 23371    
16 200 15 23097 23097 23097 23097    
17 200 15 22974 22918 22971 22918    
18 200 15 23495 23360 23360 23360    
19 200 15 23604 23560 23560 23560    
20 200 15 23805 23769 23776 23769    
21 200 15 23691 23691 23723 23691    
22 200 15 23453 23453 23453 23453    
23 200 15 23792 23701 23703 23701    
24 200 15 23642 23562 23562 23562    
25 200 15 23461 23392 23436 23392    
26 200 15 23754 23754 23828 23754    
27 200 15 22849 22822 22822 22822    
28 200 15 23149 23149 23149 23149    
29 200 15 23903 23901 23982 23901    
30 200 15 23852 23756 23761 23756    
31 200 15 23889 23889 23889 23889    
32 200 15 23243 23243 23243 23243    
33 200 15 24134 24051 24117 24051    
34 200 15 23771 23766 23769 23766    
35 200 15 23061 23059 23368 23059    
36 200 15 23851 23851 23944 23851    
37 200 15 23831 23754 23799 23754    
38 200 15 23661 23628 23662 23628    
39 200 15 23630 23612 23616 23549    
40 200 15 23236 23216 23278 23216    
41 200 15 23860 23832 23882 23832    
42 200 15 23487 23487 23500 23487    
43 200 15 23637 23580 23601 23580    
44 200 15 23309 23294 23329 23294    
45 200 15 23157 23157 23401 23157    
46 200 15 23335 23335 23335 23335    
47 200 15 23221 23221 23321 23221    
48 200 15 23444 23444 23691 23444    
49 200 15 23697 23554 23561 23554    
50 200 15 23372 23339 23478 23339    
51 200 15 23577 23554 23554 23554    
52 200 15 24131 24131 24223 24131    
53 200 15 23627 23604 23604 23604    
54 200 15 23283 23242 23403 23242    
55 200 15 23600 23550 23648 23550    
56 200 15 23573 23544 23554 23542    
57 200 15 23995 23949 23975 23949    
58 200 15 23529 23495 23540 23495    
59 200 15 23519 23518 23579 23518    
60 200 15 23439 23388 23469 23388    
61 200 15 23639 23540 23556 23540    
62 200 15 23267 23246 23324 23246    
63 200 15 23554 23539 23581 23539    
64 200 15 23640 23635 23648 23635    
65 200 15 23842 23791 23799 23772    
66 200 15 24052 23986 24015 23986    
67 200 15 23465 23436 23495 23436    
68 200 15 23664 23622 23637 23622    
69 200 15 23347 23303 23396 23303    
70 200 15 23637 23601 23642 23601    
71 200 15 23630 23630 23758 23630    
72 200 15 23421 23421 23421 23421    
73 200 15 23425 23330 23339 23330    
74 200 15 23444 23342 23358 23342    
75 200 15 23503 23475 23487 23475    
76 200 15 23549 23549 23549 23549    
77 200 15 23319 23277 23300 23277    
78 200 15 23679 23679 23735 23679    
79 200 15 23317 23317 23398 23317    
80 200 15 22947 22919 22919 22919    
81 200 15 23480 23448 23542 23448    
82 200 15 23882 23778 23778 23778    
83 200 15 23830 23790 23790 23790    
84 200 15 23450 23436 23478 23436    
85 200 15 23267 23267 23380 23267    
86 200 15 23574 23554 23554 23554    
87 200 15 23235 23222 23235 23222    
88 200 15 23076 23026 23026 23026    
89 200 15 23909 23909 23954 23909    
90 200 15 23474 23465 23448 23429    
91 200 15 23965 23943 23943 23943    
92 200 15 23240 23224 23338 23224    
93 200 15 23498 23498 23498 23498    
94 200 15 23587 23506 23506 23506    
95 200 15 23573 23553 23559 23544    
96 200 15 23457 23391 23452 23391    
97 200 15 23783 23743 23764 23743    
98 200 15 23274 23274 23414 23274    
99 200 15 23550 23483 23546 23483    
0 500 100 2658578 2657900 2740718 2657900          
1 500 100 2654923 2654778 2754079 2654778    
2 500 100 2664414 2663842 2750347 2663842    
3 500 100 2651695 2651644 2742254 2651644     
4 500 100 2675311 2674238 2762588 2674238    
5 500 100 2649576 2649373 2750199 2649373    
6 500 100 2645359 2644867 2740113 2644867    
7 500 100 2647728 2647242 2740867 2647242    
8 500 100 2647725 2647510 2743934 2647510    
9 500 100 2645363 2645008 2739517 2645008    
10 500 100 2665500 2664805 2752290 2664805    
11 500 100 2654315 2653836 2745699 2653836    
12 500 100 2650017 2649832 2735479 2649832    
13 500 100 2662415 2661693 2751707 2661693    
14 500 100 2636329 2636193 2753080 2636193    
15 500 100 2646632 2646384 2739732 2646384    
16 500 100 2661705 2661154 2756452 2661154    
17 500 100 2642893 2642578 2732079 2642642    
18 500 100 2664554 2664355 2751595 2664355    
19 500 100 2637303 2637039 2739324 2637039    
20 500 100 2652898 2652849 2755553 2652849    
21 500 100 2651924 2651243 2744506 2651243    
22 500 100 2658112 2657989 2746114 2657989    
23 500 100 2643978 2643925 2737324 2643925    
24 500 100 2656410 2655921 2749114 2656036    
25 500 100 2659750 2659118 2751626 2659118    
26 500 100 2649110 2649071 2743789 2649071    
27 500 100 2647198 2646718 2727905 2646739    
28 500 100 2661684 2661524 2744242 2661524    
29 500 100 2662486 2662382 2741869 2662382    
30 500 100 2638684 2638684 2733390 2638684    
31 500 100 2648752 2648458 2742504 2648458    
32 500 100 2661251 2661041 2744330 2661041    
33 500 100 2651668 2651166 2744053 2651166    
34 500 100 2650294 2650251 2743866 2650251    
35 500 100 2639179 2638922 2742740 2638922    
36 500 100 2655605 2655017 2723233 2655017    
37 500 100 2652779 2652443 2748225 2652443    
38 500 100 2660477 2660136 2743523 2660136    
39 500 100 2651660 2651369 2749019 2651369    
40 500 100 2650594 2650078 2745451 2650078    
41 500 100 2648022 2647682 2731987 2647682    
42 500 100 2655510 2655062 2739241 2655062    
43 500 100 2652744 2651556 2751221 2651556    
44 500 100 2646368 2646364 2739344 2646364    
45 500 100 2650747 2650291 2754044 2650291    
46 500 100 2660533 2659614 2736921 2659614    
47 500 100 2660938 2660938 2742707 2660393    
48 500 100 2659837 2659782 2756351 2659782    
49 500 100 2643871 2643146 2752817 2643146    
50 500 100 2657395 2657046 2747043 2657046    
51 500 100 2649352 2649307 2733901 2649307    
52 500 100 2648282 2648282 2741663 2648282    
53 500 100 2653209 2652740 2747630 2652785    
54 500 100 2663932 2663887 2750748 2663887    
55 500 100 2653692 2653362 2747429 2653362    
56 500 100 2661962 2661797 2741761 2661797    
57 500 100 2652165 2651794 2750211 2651794    
58 500 100 2647502 2647397 2746510 2647397    
59 500 100 2653376 2652948 2746061 2652948    
60 500 100 2652846 2652525 2739857 2652525    
61 500 100 2648487 2647870 2744926 2647870    
62 500 100 2649251 2648646 2748534 2648643    
63 500 100 2648136 2647568 2743662 2647568    
64 500 100 2654671 2654242 2746279 2654242    
65 500 100 2647871 2647556 2744515 2647556    
66 500 100 2646055 2645946 2745584 2645934    
67 500 100 2651416 2650844 2740355 2650844    
68 500 100 2637069 2636327 2747206 2636327    
69 500 100 2643778 2643610 2737222 2643610    
70 500 100 2649611 2649305 2750961 2649305    
71 500 100 2636071 2635668 2727399 2635668    
72 500 100 2650827 2650500 2744496 2650500    
73 500 100 2655919 2655900 2740130 2655900    
74 500 100 2647302 2646782 2742189 2646782    
75 500 100 2646295 2645723 2740631 2645723    
76 500 100 2647563 2647254 2743124 2647254    
77 500 100 2645012 2644966 2748320 2644966    
78 500 100 2648109 2647875 2740938 2647854    
79 500 100 2652175 2651848 2750288 2651848    
80 500 100 2645065 2644775 2738295 2644775    
81 500 100 2659762 2659327 2749205 2659327    
82 500 100 2663027 2662917 2747504 2662917    
83 500 100 2663133 2663013 2754096 2663013    
84 500 100 2644029 2643804 2745758 2643804    
85 500 100 2648306 2647951 2745757 2647951    
86 500 100 2652335 2651969 2742120 2651969    
87 500 100 2657579 2657168 2745623 2657168    
88 500 100 2642071 2642060 2733745 2642060    
89 500 100 2673009 2672589 2748915 2672589    
90 500 100 2656784 2656634 2749933 2656634    
91 500 100 2660180 2659849 2751608 2659849    
92 500 100 2656845 2656821 2749106 2656812    
93 500 100 2653780 2653543 2733955 2653543    
94 500 100 2644364 2643836 2743579 2643832    
95 500 100 2651783 2651501 2744310 2651501    
96 500 100 2647758 2647525 2748615 2647525    
97 500 100 2659675 2659243 2737083 2659243    
98 500 100 2660256 2660011 2747194 2660011    
99 500 100 2654782 2654258 2746194 2654258    
0 500 300 23763019 23760700 24865454 23760734    
1 500 300 23807336 23806392 24982360 23806392   
2 500 300 23743840 23742131 24986806 23742131   
3 500 300 23791946 23791618 24966482 23791618
4 500 300 23818410 23814465 24910230 23814465 
5 500 300 23776698 23775247 25054081 23775247
6 500 300 23818614 23817296 24923653 23817296
7 500 300 23775323 23774955 24915521 23774943
8 500 300 23806489 23805077 24946499 23805159
9 500 300 23821393 23820307 24918709 23820307
10 500 300 23830447 23830162 25006568 23830162
11 500 300 23848750 23847920 24957065 23847920
12 500 300 23816843 23815232 24952349 23815228
13 500 300 23721810 23719455 24999187 23719500
14 500 300 23748908 23748090 24949518 23748090
15 500 300 23772198 23769867 24932025 23769881
16 500 300 23803082 23801000 24993493 23801144
17 500 300 23831547 23830354 24964381 23830354
18 500 300 23851669 23850046 24969530 23850063
19 500 300 23810572 23808937 24915994 23808985
20 500 300 23786021 23785184 24973064 23785184
21 500 300 23806768 23804693 24936900 23804710
22 500 300 23741666 23740931 24949208 23740962
23 500 300 23759351 23758594 24938225 23758597
24 500 300 23734329 23731777 24965410 23731777
25 500 300 23763124 23761186 24932383 23761190
26 500 300 23782261 23780633 25020091 23780642
27 500 300 23748435 23747504 24972925 23747504
28 500 300 23848582 23847161 24949671 23847184
29 500 300 23772085 23771217 24998689 23771217
30 500 300 23853526 23852760 24961125 23852760
31 500 300 23875324 23873583 24923082 23873588
32 500 300 23849710 23848036 24974707 23848048
33 500 300 23838660 23837701 24974387 23837812
34 500 300 23822207 23821707 24908110 23821707
35 500 300 23793691 23792901 25047808 23792901
36 500 300 23809888 23808444 24969776 23808444
37 500 300 23772535 23771172 24962767 23771229
38 500 300 23835444 23834337 24935987 23834337
39 500 300 23841858 23840038 24971985 23840080
40 500 300 23799441 23797544 24957710 23797586
41 500 300 23829810 23828489 24985961 23828461
42 500 300 23770309 23769598 24978921 23769598
43 500 300 23777923 23776391 24987032 23776409
44 500 300 23797215 23796392 24939847 23796392
45 500 300 23762903 23761025 24976367 23761025
46 500 300 23806953 23805745 24995984 23805766
47 500 300 23842962 23841414 24971094 23841414
48 500 300 23844184 23843051 24993149 23843051
49 500 300 23821372 23820714 24994822 23820714
50 500 300 23828814 23828058 24989891 23828058  
51 500 300 23794007 23792467 25001872 23792507  
52 500 300 23883036 23881318 25010237 23881336  
53 500 300 23794627 23793822 24964946 23793945  
54 500 300 23763536 23762560 24923874 23762560  
55 500 300 23688423 23687783 24925703 23687783  
56 500 300 23843473 23842163 24959667 23842163  
57 500 300 23785220 23784172 24951273 23784172  
58 500 300 23826571 23824168 25005072 23824168  
59 500 300 23816191 23814800 25012812 23814800  
60 500 300 23769024 23767170 24945423 23767170  
61 500 300 23848013 23847172 24996753 23847181  
62 500 300 23794616 23792737 24927595 23792733  
63 500 300 23790853 23789365 24958674 23789400  
64 500 300 23817136 23815956 25016960 23816087  
65 500 300 23779861 23779035 24957749 23779035  
66 500 300 23800393 23799086 24959375 23799071  
67 500 300 23811275 23810198 24969956 23810198  
68 500 300 23830520 23828352 24955374 23828352  
69 500 300 23828442 23828086 24931293 23828086  
70 500 300 23775392 23775004 24923701 23775002  
71 500 300 23721351 23720121 24974346 23720121  
72 500 300 23809020 23807260 24995755 23807260  
73 500 300 23741309 23740558 24937704 23740558  
74 500 300 23820268 23819496 24930500 23819496  
75 500 300 23733295 23732383 24962596 23732383  
76 500 300 23818214 23817390 25029682 23817528  
77 500 300 23797515 23795963 24985383 23795963  
78 500 300 23832964 23830546 25037806 23830546  
79 500 300 23750636 23749748 24958765 23749748  
80 500 300 23789610 23787763 24925417 23787763  
81 500 300 23740920 23739882 24931098 23739882  
82 500 300 23863268 23862123 24969559 23862109  
83 500 300 23838428 23836455 24982205 23836459  
84 500 300 23799576 23798524 25002343 23798524  
85 500 300 23764863 23762463 25003791 23762463  
86 500 300 23847537 23845509 24915303 23845509  
87 500 300 23796305 23795729 24957464 23795729  
88 500 300 23753167 23750794 24975825 23750803  
89 500 300 23807992 23806972 24995065 23806972  
90 500 300 23821038 23818669 25036201 23818703  
91 500 300 23767428 23766193 24988125 23766193  
92 500 300 23798293 23797983 24937548 23797983  
93 500 300 23855519 23854039 25013957 23854004  
94 500 300 23786127 23784438 24947630 23784438  
95 500 300 23872204 23870083 24985312 23870134  
96 500 300 23748515 23748129 24990176 23748129  
97 500 300 23839776 23838655 24978735 23838655  
98 500 300 23750191 23749061 24955789 23749065  
99 500 300 23782444 23781572 24988898 23781572  
0 500 500 65997537 65994826 69639249 65994280      
1 500 500 65963793 65962609 69600608 65962733
2 500 500 66025927 66024197 69676249 66023581
3 500 500 66135738 66133564 69569384 66133572
4 500 500 66046060 66044630 69622435 66044390
5 500 500 65948878 65946974 69565294 65945950
6 500 500 65828625 65827857 69645299 65827361
7 500 500 65963882 65960826 69659315 65960618
8 500 500 66044591 66040506 69709755 66040883
9 500 500 66119834 66117908 69654182 66117566
10 500 500 66127616 66125243 69510815 66125045
11 500 500 66150420 66146900 69634382 66147066
12 500 500 66219362 66218452 69669672 66218070
13 500 500 66019425 66018037 69472086 66015901
14 500 500 65988986 65988836 69552185 65986762
15 500 500 66142281 66139238 69585481 66139208
16 500 500 66114413 66113327 69588353 66113081
17 500 500 66038194 66037239 69584845 66037251
18 500 500 66068771 66067214 69655448 66067649
19 500 500 65833524 65832520 69585214 65832470
20 500 500 65981793 65979497 69830956 65979523
21 500 500 66076389 66073913 69578868 66073911
22 500 500 66240628 66237372 69635103 66237512
23 500 500 65851169 65847539 69637020 65848173
24 500 500 66152532 66150042 69566940 66149868
25 500 500 66114189 66110642 69545675 66109831
26 500 500 66030480 66028358 69561837 66028084
27 500 500 66090522 66088367 69538932 66087689
28 500 500 66209629 66207996 69691869 66207975
29 500 500 65948739 65947114 69635853 65947152
30 500 500 66099536 66098008 69595817 66098242
31 500 500 66056954 66054648 69554077 66054848
32 500 500 66013424 66009773 69640325 66009665
33 500 500 65968092 65965186 69773958 65965058
34 500 500 66082900 66081124 69650465 66081258
35 500 500 65935024 65931787 69619670 65931672
36 500 500 66021762 66017870 69539179 66017904
37 500 500 66081349 66078549 69585181 66078193
38 500 500 66169082 66167542 69550708 66168014
39 500 500 66137473 66135887 69507975 66136125
40 500 500 66041603 66039785 69394009 66039785
41 500 500 66204943 66202432 69552519 66202553
42 500 500 66096723 66094517 69719584 66093331
43 500 500 66166568 66163988 69538070 66163628
44 500 500 66150768 66147080 69676201 66146748
45 500 500 66154284 66152986 69677978 66152900
46 500 500 66119387 66116340 69493848 66116355
47 500 500 66038635 66036097 69701041 66036140
48 500 500 66127298 66124510 69748956 66124628
49 500 500 65958253 65955997 69661459 65954943
50 500 500 66136756 66135874 69686329 66134470
51 500 500 66118413 66116823 69517791 66115629
52 500 500 66055397 66052921 69424961 66052705
53 500 500 66151206 66148512 69578655 66148642
54 500 500 65965499 65962228 69638806 65960875
55 500 500 66150589 66149121 69738190 66149236
56 500 500 66120801 66118477 69536729 66117921
57 500 500 66129507 66126071 69540807 66126332
58 500 500 65973862 65971757 69624058 65971625
59 500 500 66169281 66164869 69533634 66164267
60 500 500 66186636 66182183 69667806 66182732
61 500 500 66211279 66209949 69681499 66209275
62 500 500 66202902 66201430 69515500 66201128
63 500 500 66008525 66006121 69543379 66006413
64 500 500 66128833 66124127 69637777 66124189
65 500 500 65968981 65967270 69663355 65966881
66 500 500 66103840 66102248 69616604 66102074
67 500 500 66224348 66221450 69707571 66221032
68 500 500 66116418 66114583 69544409 66113850
69 500 500 66003374 65998590 69547357 65998814
70 500 500 66037468 66034104 69652474 66033796
71 500 500 66140657 66139595 69733076 66139493
72 500 500 66144300 66141382 69563780 66140835
73 500 500 66168704 66165177 69534055 66165530
74 500 500 66178972 66177230 69515994 66176675
75 500 500 66096245 66092337 69586482 66092307
76 500 500 66094487 66093138 69542647 66093002
77 500 500 66014938 66013105 69591381 66013364
78 500 500 66124748 66122262 69437824 66122140
79 500 500 66040973 66038473 69720673 66037213
80 500 500 66015306 66010110 69500233 66010138
81 500 500 65937460 65934300 69589504 65934334
82 500 500 66093689 66090913 69642556 66088875
83 500 500 66065612 66063021 69504511 66063003
84 500 500 66152658 66148358 69512552 66149022
85 500 500 65991681 65991395 69692288 65989298
86 500 500 66101684 66101220 69660957 66099530
87 500 500 66286429 66285905 69707754 66284318
88 500 500 66108104 66107970 69445530 66105265
89 500 500 66023147 66019859 69705644 66019801
90 500 500 66078939 66077791 69716242 66077956
91 500 500 65915046 65912832 69484905 65912684
92 500 500 66092756 66092402 69590241 66091775
93 500 500 66039947 66037187 69666876 66036793
94 500 500 66042114 66037394 69625312 66037310
95 500 500 65975342 65972863 69696831 65972435
96 500 500 66050826 66047830 69449219 66048030
97 500 500 66208993 66207939 69661733 66207033
98 500 500 66032785 66031637 69769670 66031043
99 500 500 65996965 65995797 69574317 65993745
0 1000 100 5420500 5420050 5552726 5420050
1 1000 100 5398236 5397786 5526034 5397786
2 1000 100 5382492 5381389 5534387 5381389
3 1000 100 5394892 5394349 5529781 5394349
4 1000 100 5381205 5380786 5534813 5380786
5 1000 100 5410399 5410133 5546580 5410133
6 1000 100 5381011 5381011 5529270 5381011
7 1000 100 5401895 5401281 5536924 5401316
8 1000 100 5405903 5405473 5535029 5405473
9 1000 100 5413026 5412737 5553253 5412737
10 1000 100 5397887 5397324 5530720 5397324
11 1000 100 5395109 5394958 5542766 5394958  
12 1000 100 5405674 5404663 5548700 5404663
13 1000 100 5409576 5408723 5549433 5408723
14 1000 100 5375335 5374849 5532367 5374849
15 1000 100 5394674 5394251 5531761 5394251
16 1000 100 5406101 5405875 5528102 5405875
17 1000 100 5406547 5406379 5539180 5406332
18 1000 100 5408165 5407950 5529896 5407950
19 1000 100 5365017 5364998 5527054 5364998
20 1000 100 5409775 5409599 5532662 5409599
21 1000 100 5394165 5394165 5545226 5394165
22 1000 100 5401712 5401305 5538385 5401305
23 1000 100 5395139 5395071 5539115 5395071
24 1000 100 5398555 5398252 5550721 5398252
25 1000 100 5392583 5392505 5529401 5392396
26 1000 100 5405306 5404784 5541954 5404784
27 1000 100 5407603 5407345 5530582 5407345
28 1000 100 5393176 5393044 5546052 5393044
29 1000 100 5379742 5379689 5531429 5379689
30 1000 100 5385976 5385232 5543841 5385232
31 1000 100 5389134 5388785 5534260 5388785
32 1000 100 5418577 5417870 5536347 5417870
33 1000 100 5420187 5419498 5552993 5419498
34 1000 100 5398902 5398251 5518816 5398251
35 1000 100 5389362 5388866 5534980 5388866
36 1000 100 5384752 5384094 5540789 5384094
37 1000 100 5401877 5401470 5526322 5401470
38 1000 100 5411020 5410612 5548894 5410612
39 1000 100 5384658 5384550 5533165 5384550
40 1000 100 5411930 5411586 5516179 5411586
41 1000 100 5393443 5393282 5518786 5393282
42 1000 100 5393537 5393537 5523513 5393537
43 1000 100 5407156 5406482 5538479 5406482
44 1000 100 5417436 5416957 5552956 5416957
45 1000 100 5408992 5408455 5533735 5408455
46 1000 100 5394408 5393592 5534574 5393592
47 1000 100 5393240 5393224 5534944 5393224
48 1000 100 5405737 5405250 5536819 5405250
49 1000 100 5396694 5396135 5539608 5396135
50 1000 100 5409947 5409219 5529586 5409219
51 1000 100 5391379 5391095 5537922 5391095
52 1000 100 5389902 5389902 5532287 5389902
53 1000 100 5412655 5412300 5544332 5412300
54 1000 100 5414788 5414556 5540122 5414556
55 1000 100 5387406 5387316 5550805 5387316
56 1000 100 5382670 5382397 5536049 5382397
57 1000 100 5383750 5383012 5533131 5383012
58 1000 100 5399031 5398516 5508997 5398516
59 1000 100 5405970 5405080 5528132 5405080
60 1000 100 5392793 5392634 5541117 5392634
61 1000 100 5405598 5404925 5554033 5404925
62 1000 100 5407060 5406326 5547382 5406326
63 1000 100 5382694 5382189 5543624 5382189
64 1000 100 5424324 5424113 5540848 5424113
65 1000 100 5409682 5409666 5548273 5409666
66 1000 100 5413817 5413805 5541718 5413805
67 1000 100 5419928 5419360 5542651 5419360
68 1000 100 5429127 5428715 5547303 5428715
69 1000 100 5399617 5398908 5518455 5398967
70 1000 100 5399601 5399349 5538581 5399349
71 1000 100 5400149 5399840 5532039 5399840
72 1000 100 5378727 5378299 5522735 5378299
73 1000 100 5407336 5405906 5540559 5405906
74 1000 100 5411569 5411316 5527093 5411316
75 1000 100 5414170 5413457 5535197 5413457
76 1000 100 5403386 5402686 5542382 5402686
77 1000 100 5405958 5405762 5528796 5405762
78 1000 100 5396262 5395560 5545037 5395560
79 1000 100 5423530 5423394 5547934 5423394
80 1000 100 5380504 5380086 5531395 5380086
81 1000 100 5413868 5413671 5558481 5413671
82 1000 100 5391295 5391235 5533255 5391235
83 1000 100 5395881 5394613 5542962 5394613
84 1000 100 5398086 5397736 5527620 5397736
85 1000 100 5391080 5390412 5532564 5390412
86 1000 100 5375793 5375315 5527127 5375314
87 1000 100 5391351 5390626 5542919 5390626
88 1000 100 5391400 5390859 5523168 5390859
89 1000 100 5403547 5403094 5537145 5403094
90 1000 100 5395421 5395409 5549512 5395409
91 1000 100 5404731 5404461 5529444 5404461
92 1000 100 5420864 5420426 5544548 5420426
93 1000 100 5399862 5399045 5539746 5399032
94 1000 100 5367681 5367370 5535759 5367370
95 1000 100 5416208 5415655 5541906 5415655
96 1000 100 5408727 5408727 5540699 5408727
97 1000 100 5391297 5390807 5530620 5390807
98 1000 100 5410397 5409726 5535222 5409726
99 1000 100 5401073 5400089 5546901 5400089
0 1000 300 48452982 48451719 50242256 48451719
1 1000 300 48536576 48534587 50234800 48534426
2 1000 300 48489197 48487805 50252572 48487807
3 1000 300 48526843 48525224 50263397 48525224
4 1000 300 48470736 48468637 50236032 48468845
5 1000 300 48492901 48491193 50251891 48491764
6 1000 300 48373855 48371872 50083975 48371717
7 1000 300 48523268 48520265 50117840 48520325
8 1000 300 48512099 48510601 50228128 48510687
9 1000 300 48373240 48371900 50130101 48372087
10 1000 300 48602423 48600762 50238303 48600869
11 1000 300 48483706 48481334 50105737 48481334
12 1000 300 48561659 48558593 50158724 48558593
13 1000 300 48570257 48568589 50189910 48568589
14 1000 300 48476902 48476763 50154715 48475978
15 1000 300 48518442 48518442 50159656 48517021
16 1000 300 48506941 48504999 50199619 48505078
17 1000 300 48501952 48500575 50200726 48500575
18 1000 300 48422690 48421018 50175397 48419961
19 1000 300 48633933 48631250 50193931 48631321
20 1000 300 48498361 48494525 50151139 48494474
21 1000 300 48483927 48481160 50175622 48481086
22 1000 300 48455310 48454259 50071089 48454152
23 1000 300 48513623 48513371 50231731 48512985
24 1000 300 48547498 48547498 50230932 48545429
25 1000 300 48542013 48540742 50165492 48540544
26 1000 300 48534133 48533816 50211242 48533816
27 1000 300 48487565 48486646 50171700 48486750
28 1000 300 48525094 48523790 50239193 48523790
29 1000 300 48523629 48520973 50205557 48520978
30 1000 300 48549690 48548547 50212264 48548547
31 1000 300 48566070 48563268 50223588 48563153
32 1000 300 48498396 48496828 50225427 48496877
33 1000 300 48418438 48417086 50105387 48416980
34 1000 300 48555653 48554287 50213557 48554271
35 1000 300 48503218 48499933 50181567 48499933
36 1000 300 48388158 48387349 50147719 48387349
37 1000 300 48451487 48450394 50234670 48450395
38 1000 300 48369068 48368117 50234313 48368117
39 1000 300 48407598 48406481 50121834 48406369
40 1000 300 48548207 48548207 50221638 48546846
41 1000 300 48519682 48518600 50193128 48518600
42 1000 300 48520476 48518417 50181764 48518417
43 1000 300 48496033 48494676 50170624 48494676
44 1000 300 48524201 48522282 50164762 48522282
45 1000 300 48457991 48456827 50182270 48456760
46 1000 300 48520514 48518984 50220607 48518984
47 1000 300 48546089 48544802 50184247 48544892
48 1000 300 48541924 48539545 50205741 48539021
49 1000 300 48560392 48559383 50155828 48558521
50 1000 300 48424544 48421606 50124025 48421606
51 1000 300 48498221 48496364 50174471 48496392
52 1000 300 48610445 48608725 50218442 48608733
53 1000 300 48481781 48480710 50130162 48480710
54 1000 300 48494803 48493120 50168207 48493120
55 1000 300 48508004 48506841 50236791 48506413
56 1000 300 48492410 48489657 50129402 48489770
57 1000 300 48504276 48502974 50185638 48502974
58 1000 300 48488559 48487961 50261925 48487677
59 1000 300 48398473 48397022 50154053 48397022
60 1000 300 48578931 48578229 50114463 48578229
61 1000 300 48432405 48431662 50133259 48430994
62 1000 300 48501887 48501144 50238088 48501144
63 1000 300 48475372 48473905 50237906 48473905
64 1000 300 48527481 48526121 50134829 48526121
65 1000 300 48522411 48519602 50192360 48519830
66 1000 300 48506275 48504728 50193707 48504679
67 1000 300 48555014 48553871 50190245 48553061
68 1000 300 48475286 48474444 50233180 48473836
69 1000 300 48457847 48457807 50129845 48456511
70 1000 300 48483989 48483989 50117456 48480607
71 1000 300 48467145 48466709 50147581 48465791
72 1000 300 48407101 48406054 50220194 48406054
73 1000 300 48564744 48564084 50207303 48564197
74 1000 300 48436572 48435259 50230539 48435273
75 1000 300 48500350 48498533 50219355 48498426
76 1000 300 48422307 48421545 50078625 48421551
77 1000 300 48459501 48459194 50084134 48459172
78 1000 300 48580132 48577520 50179291 48577520
79 1000 300 48461628 48459566 50196339 48459566
80 1000 300 48449067 48447250 50112409 48447190
81 1000 300 48506666 48503458 50223791 48503474
82 1000 300 48561351 48560423 50210051 48560423
83 1000 300 48585269 48584617 50209956 48584617
84 1000 300 48424823 48423371 50223457 48423371
85 1000 300 48562485 48561658 50220638 48561658
86 1000 300 48478673 48477431 50220546 48477431
87 1000 300 48428389 48428199 50169927 48428199
88 1000 300 48515293 48513246 50241970 48513163
89 1000 300 48534297 48531724 50229984 48531724
90 1000 300 48488424 48487574 50168393 48487550
91 1000 300 48548209 48545809 50137750 48545828
92 1000 300 48439942 48437774 50170184 48437774
93 1000 300 48468267 48467303 50219011 48467303
94 1000 300 48505532 48504883 50107853 48504810
95 1000 300 48498274 48497708 50110897 48497708
96 1000 300 48481696 48479510 50204530 48479510
97 1000 300 48441723 48441066 50227004 48441123
98 1000 300 48390597 48389055 50232484 48389015
99 1000 300 48531370 48529141 50237850 48529125
0 1000 500 134813364 134812299 139776408 134810893    
1 1000 500 134412237 134411555 139689162 134411555 
2 1000 500 134742145 134738092 139820093 134737153  
3 1000 500 134601249 134597858 139649978 134598095  
4 1000 500 134590802 134587327 139861228 134587187  
5 1000 500 134784877 134784482 139541909 134783369 
6 1000 500 134928083 134926320 139769812 134924839
7 1000 500 134794888 134792650 139824779 134792715
8 1000 500 134519664 134519627 139880869 134519664
9 1000 500 134501354 134497646 139786978 134496152
10 1000 500 134548243 134546334 139695585 134546016
11 1000 500 134748530 134743635 139534335 134744455
12 1000 500 134403023 134400429 139771554 134400287
13 1000 500 134778213 134776014 139625538 134775194
14 1000 500 134655728 134653437 139670947 134653538
15 1000 500 134609439 134608695 139618188 134606947
16 1000 500 134582758 134579920 139713529 134579406
17 1000 500 134755491 134751007 139698291 134751125
18 1000 500 134660672 134659556 139736541 134658995
19 1000 500 134738447 134734928 139748998 134734086
20 1000 500 134643366 134641768 139847254 134641761
21 1000 500 134552619 134549637 139689003 134548562
22 1000 500 134529349 134525158 139469894 134523841
23 1000 500 134718000 134716142 139595385 134715676
24 1000 500 134730296 134728098 139773052 134727568
25 1000 500 134641357 134636256 139746334 134634527
26 1000 500 134731190 134728584 139649478 134728039
27 1000 500 134766503 134764004 139564317 134763361
28 1000 500 134640887 134636335 139721068 134634917
29 1000 500 134731409 134728424 139651828 134728141
30 1000 500 134525073 134522862 139680890 134521304
31 1000 500 134802560 134800437 139644080 134799436
32 1000 500 134616643 134614333 139624889 134613911
33 1000 500 134631485 134628029 139646023 134628359
34 1000 500 134947502 134944178 139543027 134943653
35 1000 500 134833947 134831979 139742281 134831769
36 1000 500 134593122 134592088 139657414 134590494
37 1000 500 134617854 134615190 139810358 134614463
38 1000 500 134535277 134532513 139746998 134531609
39 1000 500 134892836 134891111 139824269 134890398
40 1000 500 134740129 134737479 139682305 134737141
41 1000 500 134587991 134586576 139776543 134585419
42 1000 500 134444490 134440824 139559678 134440000
43 1000 500 134675961 134674999 139824104 134675165
44 1000 500 134539425 134537721 139677334 134535081
45 1000 500 134798678 134795516 139574123 134795696
46 1000 500 134663571 134661496 139977752 134660439
47 1000 500 134468487 134465715 139790371 134465987
48 1000 500 134668445 134666158 139769240 134666503
49 1000 500 134848672 134846952 139698141 134846841
50 1000 500 134370368 134367432 139753790 134367298
51 1000 500 134624344 134622766 139610145 134622646
52 1000 500 134635875 134633528 139713613 134633364
53 1000 500 134510581 134509645 139597226 134509879
54 1000 500 134660726 134656470 139706573 134654733
55 1000 500 134607499 134605713 139729888 134605620
56 1000 500 134493738 134492074 139745980 134491785
57 1000 500 134687554 134685079 139579951 134685215
58 1000 500 134735387 134733634 139707002 134733527
59 1000 500 134695806 134692698 139780288 134693021
60 1000 500 134630349 134628590 139807811 134627627
61 1000 500 134505985 134504986 139850665 134502985
62 1000 500 134575446 134573894 139655745 134573488
63 1000 500 134629656 134626074 139671439 134623184
64 1000 500 134890704 134888504 139929121 134888156
65 1000 500 134696891 134693677 139423921 134693239
66 1000 500 134590812 134590112 139717885 134588543
67 1000 500 134571857 134570401 139693209 134569646
68 1000 500 134745428 134742286 139838159 134741582
69 1000 500 134590359 134589712 139736865 134586049
70 1000 500 134574978 134573316 139560926 134572166
71 1000 500 134596246 134592171 139692462 134592346
72 1000 500 134685977 134685637 139629983 134684719
73 1000 500 134529103 134527249 139578454 134527071
74 1000 500 134790879 134787267 139692748 134785751
75 1000 500 134698851 134694953 139917728 134694396
76 1000 500 134313003 134311172 139728663 134310733
77 1000 500 134652815 134647996 139851938 134648286
78 1000 500 134661326 134660408 139656655 134660510
79 1000 500 134384102 134383554 139725913 134383429
80 1000 500 134491124 134488710 139887719 134488208
81 1000 500 134889803 134887143 139607937 134886535
82 1000 500 134710559 134706506 139813334 134705637
83 1000 500 134650445 134647637 139654161 134646185
84 1000 500 134493134 134490949 139648598 134489932
85 1000 500 134662522 134660652 139737039 134660421
86 1000 500 134495548 134491883 139792662 134490073
87 1000 500 134539544 134538137 139640788 134538279
88 1000 500 135019866 135013946 139938155 135014437
89 1000 500 134546417 134543986 139806024 134543673
90 1000 500 134688917 134686220 139834520 134685190
91 1000 500 134681007 134679687 139817698 134679489
92 1000 500 134435175 134431423 139709186 134431754
93 1000 500 134797607 134795978 139785145 134795034
94 1000 500 134735496 134733883 139598225 134733658
95 1000 500 134483227 134481618 139704069 134481745
96 1000 500 134775518 134772375 139803031 134772058
97 1000 500 134624387 134622122 139603854 134621903
98 1000 500 134387126 134385718 139497001 134385020
99 1000 500 134510159 134509246 139717204 134508245