inst    m     l     greedy      mh0 200 400   23651   23608
1 200 400   23734   23734
2 200 400   23296   23288
3 200 400   23394   23345
4 200 400   23330   23320
5 200 400   23938   23909
6 200 400   23478   23469
7 200 400   23691   23570
8 200 400   23493   23457
9 200 400   23547   23547
10 200 400   23818   23818
11 200 400   23450   23391
12 200 400   23460   23442
13 200 400   23228   23203
14 200 400   22999   22976
15 200 400   23408   23371
16 200 400   23097   23097
17 200 400   22974   22918
18 200 400   23495   23360
19 200 400   23604   23560
20 200 400   23805   23769
21 200 400   23691   23691
22 200 400   23453   23453
23 200 400   23792   23701
24 200 400   23642   23562
25 200 400   23461   23392
26 200 400   23754   23754
27 200 400   22849   22822
28 200 400   23149   23149
29 200 400   23903   23901
30 200 400   23852   23756
31 200 400   23889   23889
32 200 400   23243   23243
33 200 400   24134   24051
34 200 400   23771   23766
35 200 400   23061   23059
36 200 400   23851   23851
37 200 400   23831   23754
38 200 400   23661   23628
39 200 400   23630   23612
40 200 400   23236   23216
41 200 400   23860   23832
42 200 400   23487   23487
43 200 400   23637   23580
44 200 400   23309   23294
45 200 400   23157   23157
46 200 400   23335   23335
47 200 400   23221   23221
48 200 400   23444   23444
49 200 400   23697   23554
50 200 400   23372   23339
51 200 400   23577   23554
52 200 400   24131   24131
53 200 400   23627   23604
54 200 400   23283   23242
55 200 400   23600   23550
56 200 400   23573   23544
57 200 400   23995   23949
58 200 400   23529   23495
59 200 400   23519   23518
60 200 400   23439   23388
61 200 400   23639   23540
62 200 400   23267   23246
63 200 400   23554   23539
64 200 400   23640   23635
65 200 400   23842   23791
66 200 400   24052   23986
67 200 400   23465   23436
68 200 400   23664   23622
69 200 400   23347   23303
70 200 400   23637   23601
71 200 400   23630   23630
72 200 400   23421   23421
73 200 400   23425   23330
74 200 400   23444   23342
75 200 400   23503   23475
76 200 400   23549   23549
77 200 400   23319   23277
78 200 400   23679   23679
79 200 400   23317   23317
80 200 400   22947   22919
81 200 400   23480   23448
82 200 400   23882   23778
83 200 400   23830   23790
84 200 400   23450   23436
85 200 400   23267   23267
86 200 400   23574   23554
87 200 400   23235   23222
88 200 400   23076   23026
89 200 400   23909   23909
90 200 400   23474   23465
91 200 400   23965   23943
92 200 400   23240   23224
93 200 400   23498   23498
94 200 400   23587   23506
95 200 400   23573   23553
96 200 400   23457   23391
97 200 400   23783   23743
98 200 400   23274   23274
99 200 400   23550   23483
