2740718
2754079
2750347
2742254
2762588
2750199
2740113
2740867
2743934
2739517
2752290
2745699
2735479
2751707
2753080
2739732
2756452
2732079
2751595
2739324
2755553
2744506
2746114
2737324
2749114
2751626
2743789
2727905
2744242
2741869
2733390
2742504
2744330
2744053
2743866
2742740
2723233
2748225
2743523
2749019
2745451
2731987
2739241
2751221
2739344
2754044
2736921
2742707
2756351
2752817
2747043
2733901
2741663
2747630
2750748
2747429
2741761
2750211
2746510
2746061
2739857
2744926
2748534
2743662
2746279
2744515
2745584
2740355
2747206
2737222
2750961
2727399
2744496
2740130
2742189
2740631
2743124
2748320
2740938
2750288
2738295
2749205
2747504
2754096
2745758
2745757
2742120
2745623
2733745
2748915
2749933
2751608
2749106
2733955
2743579
2744310
2748615
2737083
2747194
2746194
promedio 1000 500 2744512.3 136.7441029882431 s
