0 1000 500 139776408
1 1000 500 139689162
2 1000 500 139820093
3 1000 500 139649978
4 1000 500 139861228
5 1000 500 139541909
6 1000 500 139769812
7 1000 500 139824779
8 1000 500 139880869
9 1000 500 139786978
10 1000 500 139695585
11 1000 500 139534335
12 1000 500 139771554
13 1000 500 139625538
14 1000 500 139670947
15 1000 500 139618188
16 1000 500 139713529
17 1000 500 139698291
18 1000 500 139736541
19 1000 500 139748998
20 1000 500 139847254
21 1000 500 139689003
22 1000 500 139469894
23 1000 500 139595385
24 1000 500 139773052
25 1000 500 139746334
26 1000 500 139649478
27 1000 500 139564317
28 1000 500 139721068
29 1000 500 139651828
30 1000 500 139680890
31 1000 500 139644080
32 1000 500 139624889
33 1000 500 139646023
34 1000 500 139543027
35 1000 500 139742281
36 1000 500 139657414
37 1000 500 139810358
38 1000 500 139746998
39 1000 500 139824269
40 1000 500 139682305
41 1000 500 139776543
42 1000 500 139559678
43 1000 500 139824104
44 1000 500 139677334
45 1000 500 139574123
46 1000 500 139977752
47 1000 500 139790371
48 1000 500 139769240
49 1000 500 139698141
50 1000 500 139753790
51 1000 500 139610145
52 1000 500 139713613
53 1000 500 139597226
54 1000 500 139706573
55 1000 500 139729888
56 1000 500 139745980
57 1000 500 139579951
58 1000 500 139707002
59 1000 500 139780288
60 1000 500 139807811
61 1000 500 139850665
62 1000 500 139655745
63 1000 500 139671439
64 1000 500 139929121
65 1000 500 139423921
66 1000 500 139717885
67 1000 500 139693209
68 1000 500 139838159
69 1000 500 139736865
70 1000 500 139560926
71 1000 500 139692462
72 1000 500 139629983
73 1000 500 139578454
74 1000 500 139692748
75 1000 500 139917728
76 1000 500 139728663
77 1000 500 139851938
78 1000 500 139656655
79 1000 500 139725913
80 1000 500 139887719
81 1000 500 139607937
82 1000 500 139813334
83 1000 500 139654161
84 1000 500 139648598
85 1000 500 139737039
86 1000 500 139792662
87 1000 500 139640788
88 1000 500 139938155
89 1000 500 139806024
90 1000 500 139834520
91 1000 500 139817698
92 1000 500 139709186
93 1000 500 139785145
94 1000 500 139598225
95 1000 500 139704069
96 1000 500 139803031
97 1000 500 139603854
98 1000 500 139497001
99 1000 500 139717204
promedio 1000 500 139712532.51 120.52626572608948 s
