0 1000 300 50242256
1 1000 300 50234800
2 1000 300 50252572
3 1000 300 50263397
4 1000 300 50236032
5 1000 300 50251891
6 1000 300 50083975
7 1000 300 50117840
8 1000 300 50228128
9 1000 300 50130101
10 1000 300 50238303
11 1000 300 50105737
12 1000 300 50158724
13 1000 300 50189910
14 1000 300 50154715
15 1000 300 50159656
16 1000 300 50199619
17 1000 300 50200726
18 1000 300 50175397
19 1000 300 50193931
20 1000 300 50151139
21 1000 300 50175622
22 1000 300 50071089
23 1000 300 50231731
24 1000 300 50230932
25 1000 300 50165492
26 1000 300 50211242
27 1000 300 50171700
28 1000 300 50239193
29 1000 300 50205557
30 1000 300 50212264
31 1000 300 50223588
32 1000 300 50225427
33 1000 300 50105387
34 1000 300 50213557
35 1000 300 50181567
36 1000 300 50147719
37 1000 300 50234670
38 1000 300 50234313
39 1000 300 50121834
40 1000 300 50221638
41 1000 300 50193128
42 1000 300 50181764
43 1000 300 50170624
44 1000 300 50164762
45 1000 300 50182270
46 1000 300 50220607
47 1000 300 50184247
48 1000 300 50205741
49 1000 300 50155828
50 1000 300 50124025
51 1000 300 50174471
52 1000 300 50218442
53 1000 300 50130162
54 1000 300 50168207
55 1000 300 50236791
56 1000 300 50129402
57 1000 300 50185638
58 1000 300 50261925
59 1000 300 50154053
60 1000 300 50114463
61 1000 300 50133259
62 1000 300 50238088
63 1000 300 50237906
64 1000 300 50134829
65 1000 300 50192360
66 1000 300 50193707
67 1000 300 50190245
68 1000 300 50233180
69 1000 300 50129845
70 1000 300 50117456
71 1000 300 50147581
72 1000 300 50220194
73 1000 300 50207303
74 1000 300 50230539
75 1000 300 50219355
76 1000 300 50078625
77 1000 300 50084134
78 1000 300 50179291
79 1000 300 50196339
80 1000 300 50112409
81 1000 300 50223791
82 1000 300 50210051
83 1000 300 50209956
84 1000 300 50223457
85 1000 300 50220638
86 1000 300 50220546
87 1000 300 50169927
88 1000 300 50241970
89 1000 300 50229984
90 1000 300 50168393
91 1000 300 50137750
92 1000 300 50170184
93 1000 300 50219011
94 1000 300 50107853
95 1000 300 50110897
96 1000 300 50204530
97 1000 300 50227004
98 1000 300 50232484
99 1000 300 50237850
promedio 1000 300 50185928.42 147.04977106809616 s
