69639249
69600608
69676249
69569384
69622435
69565294
69645299
69659315
69709755
69654182
69510815
69634382
69669672
69472086
69552185
69585481
69588353
69584845
69655448
69585214
69830956
69578868
69635103
69637020
69566940
69545675
69561837
69538932
69691869
69635853
69595817
69554077
69640325
69773958
69650465
69619670
69539179
69585181
69550708
69507975
69394009
69552519
69719584
69538070
69676201
69677978
69493848
69701041
69748956
69661459
69686329
69517791
69424961
69578655
69638806
69738190
69536729
69540807
69624058
69533634
69667806
69681499
69515500
69543379
69637777
69663355
69616604
69707571
69544409
69547357
69652474
69733076
69563780
69534055
69515994
69586482
69542647
69591381
69437824
69720673
69500233
69589504
69642556
69504511
69512552
69692288
69660957
69707754
69445530
69705644
69716242
69484905
69590241
69666876
69625312
69696831
69449219
69661733
69769670
69574317
promedio 500 500 69606048.02 162.8358553981781 s
