0 200 15 23660
1 200 15 23853
2 200 15 23296
3 200 15 23508
4 200 15 23330
5 200 15 23913
6 200 15 23553
7 200 15 23583
8 200 15 23457
9 200 15 23626
10 200 15 23848
11 200 15 23395
12 200 15 23442
13 200 15 23287
14 200 15 23026
15 200 15 23371
16 200 15 23097
17 200 15 22971
18 200 15 23360
19 200 15 23560
20 200 15 23776
21 200 15 23723
22 200 15 23453
23 200 15 23703
24 200 15 23562
25 200 15 23436
26 200 15 23828
27 200 15 22822
28 200 15 23149
29 200 15 23982
30 200 15 23761
31 200 15 23889
32 200 15 23243
33 200 15 24117
34 200 15 23769
35 200 15 23368
36 200 15 23944
37 200 15 23799
38 200 15 23662
39 200 15 23616
40 200 15 23278
41 200 15 23882
42 200 15 23500
43 200 15 23601
44 200 15 23329
45 200 15 23401
46 200 15 23335
47 200 15 23321
48 200 15 23691
49 200 15 23561
50 200 15 23478
51 200 15 23554
52 200 15 24223
53 200 15 23604
54 200 15 23403
55 200 15 23648
56 200 15 23554
57 200 15 23975
58 200 15 23540
59 200 15 23579
60 200 15 23469
61 200 15 23556
62 200 15 23324
63 200 15 23581
64 200 15 23648
65 200 15 23799
66 200 15 24015
67 200 15 23495
68 200 15 23637
69 200 15 23396
70 200 15 23642
71 200 15 23758
72 200 15 23421
73 200 15 23339
74 200 15 23358
75 200 15 23487
76 200 15 23549
77 200 15 23300
78 200 15 23735
79 200 15 23398
80 200 15 22919
81 200 15 23542
82 200 15 23778
83 200 15 23790
84 200 15 23478
85 200 15 23380
86 200 15 23554
87 200 15 23235
88 200 15 23026
89 200 15 23954
90 200 15 23448
91 200 15 23943
92 200 15 23338
93 200 15 23498
94 200 15 23506
95 200 15 23559
96 200 15 23452
97 200 15 23764
98 200 15 23414
99 200 15 23546
promedio 200 15 23542.26 87.85302505254745 s
