24865454
24982360
24986806
24966482
24910230
25054081
24923653
24915521
24946499
24918709
25006568
24957065
24952349
24999187
24949518
24932025
24993493
24964381
24969530
24915994
24973064
24936900
24949208
24938225
24965410
24932383
25020091
24972925
24949671
24998689
24961125
24923082
24974707
24974387
24908110
25047808
24969776
24962767
24935987
24971985
24957710
24985961
24978921
24987032
24939847
24976367
24995984
24971094
24993149
24994822
24989891
25001872
25010237
24964946
24923874
24925703
24959667
24951273
25005072
25012812
24945423
24996753
24927595
24958674
25016960
24957749
24959375
24969956
24955374
24931293
24923701
24974346
24995755
24937704
24930500
24962596
25029682
24985383
25037806
24958765
24925417
24931098
24969559
24982205
25002343
25003791
24915303
24957464
24975825
24995065
25036201
24988125
24937548
25013957
24947630
24985312
24990176
24978735
24955789
24988898
promedio 500 300 24967382.7 135.58503951072692 s
