0 1000 100 5552726
1 1000 100 5526034
2 1000 100 5534387
3 1000 100 5529781
4 1000 100 5534813
5 1000 100 5546580
6 1000 100 5529270
7 1000 100 5536924
8 1000 100 5535029
9 1000 100 5553253
10 1000 100 5530720
11 1000 100 5542766
12 1000 100 5548700
13 1000 100 5549433
14 1000 100 5532367
15 1000 100 5531761
16 1000 100 5528102
17 1000 100 5539180
18 1000 100 5529896
19 1000 100 5527054
20 1000 100 5532662
21 1000 100 5545226
22 1000 100 5538385
23 1000 100 5539115
24 1000 100 5550721
25 1000 100 5529401
26 1000 100 5541954
27 1000 100 5530582
28 1000 100 5546052
29 1000 100 5531429
30 1000 100 5543841
31 1000 100 5534260
32 1000 100 5536347
33 1000 100 5552993
34 1000 100 5518816
35 1000 100 5534980
36 1000 100 5540789
37 1000 100 5526322
38 1000 100 5548894
39 1000 100 5533165
40 1000 100 5516179
41 1000 100 5518786
42 1000 100 5523513
43 1000 100 5538479
44 1000 100 5552956
45 1000 100 5533735
46 1000 100 5534574
47 1000 100 5534944
48 1000 100 5536819
49 1000 100 5539608
50 1000 100 5529586
51 1000 100 5537922
52 1000 100 5532287
53 1000 100 5544332
54 1000 100 5540122
55 1000 100 5550805
56 1000 100 5536049
57 1000 100 5533131
58 1000 100 5508997
59 1000 100 5528132
60 1000 100 5541117
61 1000 100 5554033
62 1000 100 5547382
63 1000 100 5543624
64 1000 100 5540848
65 1000 100 5548273
66 1000 100 5541718
67 1000 100 5542651
68 1000 100 5547303
69 1000 100 5518455
70 1000 100 5538581
71 1000 100 5532039
72 1000 100 5522735
73 1000 100 5540559
74 1000 100 5527093
75 1000 100 5535197
76 1000 100 5542382
77 1000 100 5528796
78 1000 100 5545037
79 1000 100 5547934
80 1000 100 5531395
81 1000 100 5558481
82 1000 100 5533255
83 1000 100 5542962
84 1000 100 5527620
85 1000 100 5532564
86 1000 100 5527127
87 1000 100 5542919
88 1000 100 5523168
89 1000 100 5537145
90 1000 100 5549512
91 1000 100 5529444
92 1000 100 5544548
93 1000 100 5539746
94 1000 100 5535759
95 1000 100 5541906
96 1000 100 5540699
97 1000 100 5530620
98 1000 100 5535222
99 1000 100 5546901
promedio 1000 100 5537024.16 144.14874992847442 s
