inst    m     l     mh0 500   100   2657900
1 500   100   2654778
2 500   100   2663842
3 500   100   2651644
4 500   100   2674238
5 500   100   2649373
6 500   100   2644867
7 500   100   2647242
8 500   100   2647510
9 500   100   2645008
10 500   100   2664805
11 500   100   2653836
12 500   100   2649832
13 500   100   2661693
14 500   100   2636193
15 500   100   2646384
16 500   100   2661154
17 500   100   2642578
18 500   100   2664355
19 500   100   2637039
20 500   100   2652849
21 500   100   2651243
22 500   100   2657989
23 500   100   2643925
24 500   100   2655921
25 500   100   2659118
26 500   100   2649071
27 500   100   2646739
28 500   100   2661524
29 500   100   2662414
30 500   100   2638684
31 500   100   2648458
32 500   100   2661041
33 500   100   2651166
34 500   100   2650251
35 500   100   2638922
36 500   100   2655017
37 500   100   2652491
38 500   100   2660136
39 500   100   2651369
40 500   100   2650078
41 500   100   2647682
42 500   100   2655062
43 500   100   2651566
44 500   100   2646364
45 500   100   2650291
46 500   100   2659614
47 500   100   2660393
48 500   100   2659782
49 500   100   2643146
50 500   100   2657046
51 500   100   2649307
52 500   100   2648282
53 500   100   2652785
54 500   100   2663887
55 500   100   2653362
56 500   100   2661797
57 500   100   2651794
58 500   100   2647397
59 500   100   2652948
60 500   100   2652525
61 500   100   2647870
62 500   100   2648643
63 500   100   2647568
64 500   100   2654242
65 500   100   2647556
66 500   100   2645934
67 500   100   2650844
68 500   100   2636327
69 500   100   2643610
70 500   100   2649305
71 500   100   2635668
72 500   100   2650500
73 500   100   2655900
74 500   100   2646782
75 500   100   2645723
76 500   100   2647254
77 500   100   2644966
78 500   100   2647854
79 500   100   2651848
80 500   100   2644775
81 500   100   2659327
82 500   100   2662917
83 500   100   2663030
84 500   100   2643804
85 500   100   2647951
86 500   100   2651969
87 500   100   2657168
88 500   100   2642060
89 500   100   2672589
90 500   100   2656634
91 500   100   2659849
92 500   100   2656812
93 500   100   2653543
94 500   100   2643832
95 500   100   2651501
96 500   100   2647525
97 500   100   2659243
98 500   100   2660011
99 500   100   2654258
0 500   300   23760700
1 500   300   23806392
2 500   300   23742131
3 500   300   23791618
4 500   300   23814835
5 500   300   23775247
6 500   300   23817296
7 500   300   23774947
8 500   300   23805129
9 500   300   23820307
10 500   300   23830162
11 500   300   23847920
12 500   300   23815232
13 500   300   23719455
14 500   300   23748090
15 500   300   23769867
16 500   300   23801000
17 500   300   23830354
18 500   300   23850046
19 500   300   23808937
20 500   300   23785184
21 500   300   23804693
22 500   300   23740931
23 500   300   23758597
24 500   300   23731784
25 500   300   23761186
26 500   300   23780633
27 500   300   23747504
28 500   300   23847161
29 500   300   23771217
30 500   300   23852760
31 500   300   23873583
32 500   300   23848036
33 500   300   23837676
34 500   300   23821707
35 500   300   23792901
36 500   300   23808444
37 500   300   23771239
38 500   300   23834337
39 500   300   23840038
40 500   300   23797566
41 500   300   23828489
42 500   300   23769598
43 500   300   23776391
44 500   300   23796392
45 500   300   23761025
46 500   300   23805745
47 500   300   23841414
48 500   300   23843152
49 500   300   23820714
50 500   300   23828058
51 500   300   23792467
52 500   300   23881318
53 500   300   23793822
54 500   300   23762560
55 500   300   23687783
56 500   300   23842163
57 500   300   23784172
58 500   300   23824168
59 500   300   23814800
60 500   300   23767170
61 500   300   23847172
62 500   300   23792733
63 500   300   23789365
64 500   300   23815956
65 500   300   23779035
66 500   300   23799071
67 500   300   23810236
68 500   300   23828352
69 500   300   23828086
70 500   300   23775004
71 500   300   23720121
72 500   300   23807260
73 500   300   23740562
74 500   300   23819496
75 500   300   23732383
76 500   300   23817390
77 500   300   23796069
78 500   300   23830546
79 500   300   23749780
80 500   300   23787763
81 500   300   23739882
82 500   300   23862123
83 500   300   23836462
84 500   300   23798524
85 500   300   23762463
86 500   300   23845509
87 500   300   23795729
88 500   300   23750794
89 500   300   23806972
90 500   300   23818669
91 500   300   23766211
92 500   300   23797983
93 500   300   23854015
94 500   300   23784438
95 500   300   23870171
96 500   300   23748129
97 500   300   23838655
98 500   300   23749061
99 500   300   23781572
