inst    m     l     mh
0 1000   100   5420050
1 1000   100   5397786
2 1000   100   5381389
3 1000   100   5394349
4 1000   100   5380786
5 1000   100   5410133
6 1000   100   5381011
7 1000   100   5401316
8 1000   100   5405473
9 1000   100   5412737
10 1000   100   5397324
11 1000   100   5394958
12 1000   100   5404663
13 1000   100   5408723
14 1000   100   5374849
15 1000   100   5394251
16 1000   100   5405875
17 1000   100   5406332
18 1000   100   5407950
19 1000   100   5364998
20 1000   100   5409599
21 1000   100   5394165
22 1000   100   5401305
23 1000   100   5395071
24 1000   100   5398252
25 1000   100   5392396
26 1000   100   5404784
27 1000   100   5407345
28 1000   100   5393044
29 1000   100   5379689
30 1000   100   5385232
31 1000   100   5388785
32 1000   100   5417870
33 1000   100   5419498
34 1000   100   5398251
35 1000   100   5388866
36 1000   100   5384094
37 1000   100   5401470
38 1000   100   5410612
39 1000   100   5384550
40 1000   100   5411586
41 1000   100   5393282
42 1000   100   5393537
43 1000   100   5406482
44 1000   100   5416957
45 1000   100   5408455
46 1000   100   5393592
47 1000   100   5393224
48 1000   100   5405250
49 1000   100   5396135
50 1000   100   5409219
51 1000   100   5391095
52 1000   100   5389902
53 1000   100   5412300
54 1000   100   5414556
55 1000   100   5387316
56 1000   100   5382397
57 1000   100   5383012
58 1000   100   5398516
59 1000   100   5405080
60 1000   100   5392634
61 1000   100   5404925
62 1000   100   5406326
63 1000   100   5382189
64 1000   100   5424113
65 1000   100   5409666
66 1000   100   5413805
67 1000   100   5419360
68 1000   100   5428715
69 1000   100   5398967
70 1000   100   5399349
71 1000   100   5399840
72 1000   100   5378299
73 1000   100   5405906
74 1000   100   5411316
75 1000   100   5413457
76 1000   100   5402686
77 1000   100   5405762
78 1000   100   5395560
79 1000   100   5423394
80 1000   100   5380086
81 1000   100   5413671
82 1000   100   5391235
83 1000   100   5394613
84 1000   100   5397736
85 1000   100   5390412
86 1000   100   5375314
87 1000   100   5390626
88 1000   100   5390859
89 1000   100   5403094
90 1000   100   5395409
91 1000   100   5404461
92 1000   100   5420426
93 1000   100   5399032
94 1000   100   5367370
95 1000   100   5415655
96 1000   100   5408727
97 1000   100   5390807
98 1000   100   5409726
99 1000   100   5400089
0 1000   300   48451719
1 1000   300   48534426
2 1000   300   48487807
3 1000   300   48525224
4 1000   300   48468845
5 1000   300   48491764
6 1000   300   48371717
7 1000   300   48520325
8 1000   300   48510687
9 1000   300   48372087
10 1000   300   48600869
11 1000   300   48481334
12 1000   300   48558593
13 1000   300   48568589
14 1000   300   48475978
15 1000   300   48517021
16 1000   300   48505078
17 1000   300   48500575
18 1000   300   48419961
19 1000   300   48631321
20 1000   300   48494474
21 1000   300   48481086
22 1000   300   48454152
23 1000   300   48512985
24 1000   300   48545429
25 1000   300   48540544
26 1000   300   48533816
27 1000   300   48486750
28 1000   300   48523790
29 1000   300   48520978
30 1000   300   48548547
31 1000   300   48563153
32 1000   300   48496877
33 1000   300   48416980
34 1000   300   48554271
35 1000   300   48499933
36 1000   300   48387349
37 1000   300   48450395
38 1000   300   48368117
39 1000   300   48406369
40 1000   300   48546846
41 1000   300   48518600
42 1000   300   48518417
43 1000   300   48494676
44 1000   300   48522282
45 1000   300   48456760
46 1000   300   48518984
47 1000   300   48544892
48 1000   300   48539021
49 1000   300   48558521
50 1000   300   48421606
51 1000   300   48496392
52 1000   300   48608733
53 1000   300   48480710
54 1000   300   48493120
55 1000   300   48506413
56 1000   300   48489770
57 1000   300   48502974
58 1000   300   48487677
59 1000   300   48397022
60 1000   300   48578229
61 1000   300   48430994
62 1000   300   48501144
63 1000   300   48473905
64 1000   300   48526121
65 1000   300   48519830
66 1000   300   48504679
67 1000   300   48553061
68 1000   300   48473836
69 1000   300   48456511
70 1000   300   48480607
71 1000   300   48465791
72 1000   300   48406054
73 1000   300   48564197
74 1000   300   48435273
75 1000   300   48498426
76 1000   300   48421551
77 1000   300   48459172
78 1000   300   48577520
79 1000   300   48459566
80 1000   300   48447190
81 1000   300   48503474
82 1000   300   48560423
83 1000   300   48584617
84 1000   300   48423371
85 1000   300   48561658
86 1000   300   48477431
87 1000   300   48428199
88 1000   300   48513163
89 1000   300   48531724
90 1000   300   48487550
91 1000   300   48545828
92 1000   300   48437774
93 1000   300   48467303
94 1000   300   48504810
95 1000   300   48497708
96 1000   300   48479510
97 1000   300   48441123
98 1000   300   48389015
99 1000   300   48529125
0 1000   500   134810893
1 1000   500   134411555
2 1000   500   134737153
3 1000   500   134598095
4 1000   500   134587187
5 1000   500   134783369
6 1000   500   134924839
7 1000   500   134792715
8 1000   500   134519664
9 1000   500   134496152
10 1000   500   134546016
11 1000   500   134744455
12 1000   500   134400287
13 1000   500   134775194
14 1000   500   134653538
15 1000   500   134606947
16 1000   500   134579406
17 1000   500   134751125
18 1000   500   134658995
19 1000   500   134734086
20 1000   500   134641761
21 1000   500   134548562
22 1000   500   134523841
23 1000   500   134715676
24 1000   500   134727568
25 1000   500   134634527
26 1000   500   134728039
27 1000   500   134763361
28 1000   500   134634917
29 1000   500   134728141
30 1000   500   134521304
31 1000   500   134799436
32 1000   500   134613911
33 1000   500   134628359
34 1000   500   134943653
35 1000   500   134831769
36 1000   500   134590494
37 1000   500   134614463
38 1000   500   134531609
39 1000   500   134890398
40 1000   500   134737141
41 1000   500   134585419
42 1000   500   134440000
43 1000   500   134675165
44 1000   500   134535081
45 1000   500   134795696
46 1000   500   134660439
47 1000   500   134465987
48 1000   500   134666503
49 1000   500   134846841
50 1000   500   134367298
51 1000   500   134622646
52 1000   500   134633364
53 1000   500   134509879
54 1000   500   134654733
55 1000   500   134605620
56 1000   500   134491785
57 1000   500   134685215
58 1000   500   134733527
59 1000   500   134693021
60 1000   500   134627627
61 1000   500   134502985
62 1000   500   134573488
63 1000   500   134623184
64 1000   500   134888156
65 1000   500   134693239
66 1000   500   134588543
67 1000   500   134569646
68 1000   500   134741582
69 1000   500   134586049
70 1000   500   134572166
71 1000   500   134592346
72 1000   500   134684719
73 1000   500   134527071
74 1000   500   134785751
75 1000   500   134694396
76 1000   500   134310733
77 1000   500   134648286
78 1000   500   134660510
79 1000   500   134383429
80 1000   500   134488208
81 1000   500   134886535
82 1000   500   134705637
83 1000   500   134646185
84 1000   500   134489932
85 1000   500   134660421
86 1000   500   134490073
87 1000   500   134538279
88 1000   500   135014437
89 1000   500   134543673
90 1000   500   134685190
91 1000   500   134679489
92 1000   500   134431754
93 1000   500   134795034
94 1000   500   134733658
95 1000   500   134481745
96 1000   500   134772058
97 1000   500   134621903
98 1000   500   134385020
99 1000   500   134508245
